551
455
445
532 334 641 211
211 522 334 641
465 461 252 313
623
663
626

155
554
544
211 532 334 641
211 522 334 641
465 461 252 313
623
663
626

155
144
544
211 552 334 661
211 552 334 661
465 441 252 333
623
623
626

155
144
544
211 552 334 661
211 552 334 661
333 465 441 252
666
222
633

155
144
544
211 552 334 661
211 552 334 661
252 333 465 441
626
326
326

555
444
444
111 552 333 466
111 552 333 466
552 333 466 111
226
226
226

555
444
444
111 552 333 466
111 552 333 466
111 552 333 466
222
222
666

444
444
444
111 555 333 666
111 555 333 666
111 555 333 666
222
222
222

