255
355
425
562 333 446 341
512 322 536 341
544 111 216 311
266
266
446

555
555
525
262 333 444 111
212 322 533 441
444 111 212 333
666
666
646

555
555
525
262 333 444 111
212 322 533 441
333 444 111 212
666
466
666

555
555
525
262 333 444 111
212 322 533 441
212 333 444 111
646
666
666

555
555
111
222 533 444 116
116 222 533 444
222 533 444 116
333
666
666

555
555
111
222 533 444 116
222 533 444 116
222 533 444 116
333
666
666

555
555
555
222 333 444 111
222 333 444 111
222 333 444 111
666
666
666

